4294967279,301
4294967279,300
4294967279,295
425,7
425,0
425,6
421,8
421,0
4294967278,143
421,7
421,6
4294967279,202
4294967279,192
4294967279,188
4294967279,187
4294967279,178
4294967279,173
4294967279,172
4294967278,170
4294967278,169
4294967278,163
4294967278,160
4294967278,149
4294967294,436
4294967294,204
4294967278,345
427,5
427,4
4294967278,135
427,3
427,2
427,1
4294967278,288
4294967278,431
4294967279,377
4294967278,432
4294967279,292
4294967278,344
4294967278,265
425,5
425,4
425,3
425,2
425,1
4294967278,429
423,6
423,5
423,4
423,3
423,2
423,1
4294967278,339
4294967279,347
422,5
422,4
422,3
422,2
422,1
4294967294,387
421,5
421,4
421,3
421,2
421,1
4294967279,367
420,5
420,4
420,3
420,2
420,1
4294967279,371
4294967279,370
4294967294,420
4294967294,451
4294967294,449
418,4
418,3
418,2
418,1
4294967294,114
4294967294,115
4294967279,575
4294967279,290
4294967278,325
4294967279,537
4294967279,536
4294967279,369
4294967279,340
4294967278,327
415,7
415,0
415,6
4294967279,372
411,8
411,0
4294967278,148
4294967278,147
4294967278,146
411,7
411,6
4294967278,162
4294967278,161
4294967278,157
4294967278,156
4294967278,154
4294967279,153
4294967278,152
4294967279,368
4294967278,337
417,5
417,4
417,2
417,1
4294967279,289
4294967278,322
415,5
415,4
415,3
415,2
415,1
4294967278,430
4294967279,359
413,6
413,5
413,4
413,3
413,2
413,1
412,5
412,4
412,3
412,2
412,1
411,5
411,4
411,3
411,2
411,1
4294967294,396
4294967294,397
4294967294,408
4294967294,407
4294967294,413
4294967294,399
410,5
410,4
410,3
410,2
410,1
4294967279,288
4294967279,287
408,4
408,3
408,2
408,1
4294967278,335
4294967279,286
4294967278,333
4294967279,285
4294967278,142
4294967278,140
4294967278,138
405,7
405,0
405,6
401,8
401,0
4294967279,284
401,7
401,6
4294967278,134
4294967278,133
4294967278,274
4294967278,268
4294967278,267
4294967278,281
4294967278,262
4294967278,261
4294967279,311
407,5
407,4
407,2
407,1
405,5
405,4
405,3
405,2
405,1
4294967294,89
4294967294,197
4294967278,256
403,6
403,5
403,4
403,3
403,2
403,1
4294967294,386
402,5
402,4
402,3
402,2
402,1
4294967278,384
4294967294,110
4294967294,453
401,5
401,4
401,3
401,2
401,1
4294967294,120
400,5
400,4
400,3
400,2
400,1
398,4
398,3
398,2
398,1
0,7
4294967294,468
4294967294,389
4294967278,395
4294967279,283
4294967294,392
4294967294,393
4294967294,388
4294967278,426
4294967278,330
4294967279,281
4294967294,423
4294967279,323
4294967278,224
395,7
395,0
395,6
4294967278,427
4294967278,63
4294967278,62
4294967278,61
4294967278,59
4294967278,58
4294967278,55
4294967278,54
4294967278,53
4294967278,52
4294967278,51
4294967278,50
4294967278,49
4294967278,48
4294967278,47
4294967278,46
4294967278,45
4294967278,44
4294967278,41
4294967278,39
4294967278,38
4294967278,37
4294967278,36
4294967278,35
4294967278,34
4294967278,33
4294967278,32
4294967278,30
4294967278,27
391,8
391,0
4294967278,293
4294967279,321
391,7
391,6
4294967279,344
397,5
397,4
397,2
397,1
4294967278,2
4294967279,361
395,5
395,4
395,3
395,2
395,1
4294967278,326
393,6
393,5
393,4
393,3
393,2
393,1
4294967278,213
4294967279,278
392,5
392,4
392,3
392,2
392,1
4294967279,276
391,5
391,4
391,3
391,2
391,1
390,5
390,4
390,3
390,2
390,1
388,4
388,3
388,2
388,1
4294967294,415
4294967294,398
4294967294,148
4294967294,410
4294967294,997
4294967279,86
4294967279,84
4294967279,82
4294967279,81
4294967279,80
4294967279,75
4294967279,74
4294967279,73
4294967279,70
4294967279,68
4294967279,66
4294967279,65
4294967279,64
4294967279,57
4294967279,56
4294967279,55
4294967279,274
4294967279,52
4294967278,43
4294967278,42
4294967278,40
4294967278,31
4294967278,29
4294967278,28
4294967279,535
385,7
385,0
385,6
381,8
381,0
4294967279,364
381,7
381,6
4294967279,261
4294967278,324
387,5
387,4
387,2
387,1
385,5
385,4
385,3
385,2
385,1
4294967278,323
4294967279,273
383,6
383,5
383,4
383,3
383,2
383,1
382,5
382,4
382,3
382,2
382,1
4294967278,424
4294967279,352
4294967279,515
4294967279,269
381,5
381,4
381,3
381,2
381,1
4294967278,409
380,5
380,4
380,3
380,2
380,1
4294967294,1008
4294967278,423
4294967294,384
4294967278,321
4294967279,268
4294967279,267
4294967279,543
4294967278,425
375,7
375,0
375,6
371,8
371,0
371,7
371,6
4294967278,320
4294967279,365
377,5
377,4
377,3
377,2
377,1
4294967279,266
375,5
375,4
375,3
375,2
375,1
4294967278,346
373,6
373,5
373,4
373,3
373,2
373,1
4294967278,319
4294967294,170
4294967294,196
4294967294,1015
4294967278,318
372,5
372,4
372,3
372,2
372,1
4294967294,118
4294967278,317
4294967278,307
4294967279,259
371,5
371,4
371,3
371,2
371,1
370,5
370,4
370,3
370,2
370,1
4294967278,306
2,2
4294967278,316
4294967279,519
4294967278,304
4294967278,0
4294967294,11
4294967294,68
365,11
365,0
365,10
365,5
365,9
361,12
361,0
361,11
361,5
361,10
365,8
4294967278,218
4294967278,211
4294967278,210
4294967279,200
4294967279,198
4294967279,197
4294967279,195
4294967279,194
4294967279,193
4294967279,190
4294967279,189
4294967278,187
4294967278,186
4294967279,186
4294967278,185
4294967279,185
4294967279,184
4294967278,183
4294967279,183
4294967279,182
4294967279,181
4294967278,176
4294967279,176
4294967278,175
4294967278,173
4294967278,172
4294967278,171
4294967279,171
4294967279,169
4294967278,168
4294967278,167
4294967279,167
4294967278,166
4294967279,166
361,9
4294967279,163
4294967279,159
4294967279,158
4294967279,325
4294967278,60
4294967278,57
4294967278,56
4294967279,62
4294967279,60
4294967279,59
4294967279,51
4294967279,50
4294967279,49
4294967279,47
4294967279,43
4294967279,42
4294967279,35
4294967279,34
4294967279,33
4294967279,22
4294967279,20
4294967294,18
4294967294,127
4294967294,14
4294967294,126
4294967294,20
4294967294,13
4294967294,166
4294967294,104
4294967294,106
4294967294,119
4294967294,162
365,7
365,6
4294967278,297
4294967279,38
4294967279,28
4294967279,27
361,8
4294967279,149
4294967279,148
4294967279,140
4294967279,136
4294967279,135
4294967279,282
4294967279,279
4294967279,277
4294967279,265
4294967279,275
361,7
361,6
4294967278,191
4294967279,191
4294967278,190
4294967278,189
4294967278,188
4294967278,184
4294967278,177
4294967279,177
4294967279,175
4294967279,170
4294967279,168
4294967279,165
4294967279,162
4294967279,161
4294967279,147
4294967279,146
4294967279,574
4294967278,284
4294967294,198
4294967279,573
4294967294,1419
4294967279,514
4294967278,282
4294967279,264
4294967279,263
4294967279,360
4294967279,258
367,5
4294967279,257
367,4
367,3
367,2
367,1
4294967279,256
4294967279,254
4294967279,253
4294967278,386
4294967294,528
4294967294,1012
4294967279,362
4294967278,343
365,4
365,3
365,2
365,1
4294967294,466
4294967294,160
4294967294,456
4294967294,459
4294967279,571
363,6
363,5
363,4
363,3
363,2
363,1
362,5
362,4
362,3
362,2
362,1
4294967278,214
4294967278,208
361,4
361,3
361,2
361,1
360,5
360,4
360,3
360,2
360,1
4294967278,366
4294967278,192
4294967278,300
4294967278,182
4294967278,181
4294967278,178
4294967278,180
4294967279,180
4294967278,179
4294967279,179
4294967294,469
4294967278,295
4294967278,299
4294967279,164
4294967279,160
4294967294,46
4294967279,157
4294967279,155
357,5
357,4
4294967279,154
357,3
357,2
357,1
4294967279,152
4294967278,420
4294967294,163
4294967294,188
4294967294,1005
4294967278,294
4294967278,340
4294967279,144
355,5
355,4
355,3
355,2
355,1
4294967278,413
353,6
353,5
353,4
353,3
353,2
353,1
4294967294,402
4294967294,404
4294967294,401
4294967294,458
352,5
352,4
352,3
352,2
352,1
4294967278,263
351,5
351,4
351,3
351,2
351,1
350,5
350,4
350,3
350,2
350,1
4294967278,296
4294967278,266
4294967278,292
4294967294,165
4294967278,291
347,7
347,6
347,4
4294967294,999
4294967294,1000
4294967294,185
4294967294,151
4294967294,107
4294967294,99
4294967294,0
4294967294,91
